1 254703
1 270713
2 278900
3 260682
5 267181
1 500367
4 500366
6 504598
8 500247
8 500367
8 504598
1 633346
2 630535
3 633346
5 633346
6 629612
7 633712
8 623261
8 625940
1 651781
3 651781
4 655156
6 651781
7 651781
8 650359
8 651669
8 651781
1 726011
3 722778
3 725031
8 721912
1 1165337
2 1174997
5 1172540
8 1173109
1 1631164
4 1644823
5 1630073
5 1635638
6 1635885
6 1644823
1 1671474
3 1671474
5 1678110
6 1674531
6 1677461
7 1679588
1 1687480
1 1693969
1 1696060
2 1697306
3 1693891
3 1697711
4 1697618
5 1689641
7 1694258
7 1697651
1 1724662
2 1713540
3 1706642
3 1714266
3 1724662
5 1711371
7 1718660
7 1724606
1 2004631
2 2012950
4 2023097
8 2007048
8 2021557
1 2087640
1 2092575
2 2086004
2 2088583
2 2094731
3 2087615
3 2094811
7 2088082
1 2282567
2 2280920
5 2284538
6 2280920
8 2282567
1 3117766
3 3111805
3 3132145
5 3130158
7 3117098
1 3272172
4 3271307
5 3272312
5 3278693
6 3278693
7 3271547
1 3980528
2 3980674
3 3980674
5 3980674
1 4287986
3 4287007
4 4287986
6 4287986
6 4289087
7 4284324
7 4285844
1 4618401
1 4627535
2 4627535
3 4627535
1 6088820
4 6088782
5 6089086
7 6089374
1 9822322
5 9820636
5 9822322
6 9816967
6 9819791
7 9821250
8 9820637
1 10456455
2 10456455
5 10464077
7 10456455
7 10464080
1 11119757
2 11072347
3 11113245
4 11104968
5 11096277
6 11101714
6 11102180
1 11349401
3 11347834
7 11349261
8 11349701
1 12087142
1 12094189
1 12110167
2 12087142
3 12090864
3 12105576
4 12076544
4 12077953
4 12087141
4 12090864
4 12091113
5 12083804
5 12090864
6 12093640
7 12093764
8 12081116
1 12755962
1 12757180
3 12757876
5 12757876
6 12755986
6 12757180
1 12782390
3 12782332
6 12782751
7 12776113
7 12786148
8 12782917
1 13479457
2 13462946
2 13470949
3 13486666
4 13477742
6 13486666
8 13485043
1 13552696
1 13554824
2 13553540
2 13554639
2 13554824
4 13552294
4 13555009
5 13554824
8 13555009
1 13583227
3 13573403
5 13584031
5 13584352
7 13583434
1 13694445
3 13695274
6 13695077
8 13695274
8 13695314
1 13730745
1 13738798
3 13728636
8 13737998
1 13998425
2 13966485
3 13969780
3 13973164
3 13975152
3 13987303
3 13989030
3 13998403
4 13998573
5 13987303
5 13999615
8 13982907
1 14060319
2 14060594
5 14060551
8 14060304
1 14129249
4 14150299
6 14141289
8 14137928
1 14800710
3 14800643
4 14799526
7 14799427
1 141276
2 141699
2 146040
3 143040
3 143262
3 144447
3 144565
6 144997
8 142942
1 612112
1 612244
5 612112
5 612244
5 622145
6 612244
7 612244
8 612244
1 710827
3 707875
3 718202
4 733103
7 730014
8 711197
1 1452174
3 1452168
3 1458891
4 1446354
4 1454993
5 1455065
6 1452471
6 1454993
6 1455068
8 1453396
8 1454618
1 1564468
1 1565448
3 1564468
3 1565912
8 1565052
1 1642465
1 1643673
6 1642765
7 1650599
1 2466611
1 2469733
2 2471416
3 2456080
3 2475667
4 2456080
7 2456080
8 2462042
1 2762151
2 2760180
7 2762049
8 2762154
1 3491860
2 3491790
3 3491719
4 3491723
4 3491814
7 3491814
1 3587502
3 3587506
6 3585173
7 3585154
7 3587230
1 4644983
2 4644107
3 4644273
5 4648712
1 5158182
2 5158182
5 5151337
8 5151337
1 7450158
1 7452961
2 7453722
3 7453259
4 7449001
4 7450157
6 7452961
7 7450157
7 7452961
8 7451638
1 9563145
1 9563286
6 9563344
8 9563286
1 9689020
2 9699661
2 9699916
5 9685027
7 9685027
1 10430281
2 10432293
3 10427279
3 10432019
1 11197230
3 11214578
3 11231945
4 11197230
4 11231945
5 11231671
6 11214080
6 11216477
6 11231945
7 11229901
8 11214077
8 11229901
1 11296297
3 11296114
4 11296318
7 11296318
1 11957878
4 11957775
7 11960757
8 11956120
8 11957775
1 12318570
3 12314914
4 12318570
6 12318247
1 12776325
1 12777105
1 12778840
3 12782261
4 12778812
4 12778833
6 12770798
6 12779986
1 13031409
2 13005545
2 13019210
5 13003878
6 13001999
7 13016362
1 13591696
3 13594448
4 13592240
5 13594588
7 13592393
1 13853812
2 13853310
2 13853689
2 13853812
8 13853812
1 14324069
1 14338285
2 14323920
2 14331743
2 14337904
3 14324164
4 14323918
5 14320012
6 14323918
7 14319954
8 14319954
8 14326612
1 14993383
1 14999909
5 15000691
6 14991701
6 14991832
6 14993383
7 14986676
7 14993559
7 15000787
1 96688
1 113586
2 99925
2 110391
3 96688
7 100458
8 106436
1 161494
1 162903
4 162914
7 161405
1 406657
1 406781
2 407161
3 406599
3 406992
1 513527
3 527858
6 513511
7 527858
7 534233
1 630245
5 611251
5 628808
6 630212
8 628815
1 1245672
2 1240576
3 1239630
5 1240576
1 1422621
2 1427007
7 1431107
8 1433445
1 1503364
1 1506022
3 1500224
4 1503364
4 1507460
1 1522622
1 1525520
2 1529450
4 1509655
4 1522622
5 1522622
1 1766635
4 1766635
5 1766133
5 1766635
5 1767475
6 1766613
1 1842459
2 1831211
2 1837911
2 1875864
3 1829792
3 1851693
3 1852043
5 1832996
5 1845495
5 1879160
8 1845495
1 2414345
3 2409833
3 2414293
5 2409521
8 2408270
1 2617545
3 2607773
4 2599700
5 2622543
7 2603487
7 2644804
1 2791851
2 2789218
2 2789507
6 2791851
1 3080934
3 3080989
3 3086330
5 3086116
7 3080934
1 3855943
3 3858469
4 3855801
6 3861196
7 3857426
7 3857575
8 3854082
1 6337806
4 6337293
5 6337940
7 6337334
8 6337806
1 6502985
5 6503848
5 6505629
6 6504832
7 6504215
8 6504832
1 6565238
1 6569345
3 6567543
4 6568898
6 6567610
6 6573206
7 6567717
8 6567707
8 6575816
1 7713012
1 7716379
3 7713180
4 7716379
6 7715199
8 7714212
8 7715199
1 8441367
1 8441502
2 8441633
5 8439765
6 8439765
1 9534680
2 9534444
4 9533669
5 9534542
6 9534021
7 9533661
7 9534021
8 9534021
1 10555068
5 10546963
5 10555040
7 10546965
7 10555068
8 10556963
1 10654481
2 10683377
3 10679128
4 10679128
5 10662061
6 10678730
6 10680545
6 10683389
7 10654481
7 10679128
8 10684192
1 10825960
4 10825960
5 10825960
6 10825960
7 10819037
8 10825960
1 10863827
2 10863827
3 10856413
6 10863827
1 10907149
2 10897473
2 10914312
2 10930211
3 10896601
3 10904662
4 10895898
4 10897473
4 10904662
4 10914304
6 10897473
7 10897473
7 10904662
8 10897473
8 10917276
8 10944961
1 11080708
3 11080708
4 11088434
5 11060480
5 11077196
7 11080708
1 11163989
3 11159967
3 11166071
5 11158667
5 11161852
8 11166191
1 11169152
3 11201561
4 11169211
6 11197747
8 11201561
1 11467511
2 11493589
6 11467511
8 11471853
1 11507324
6 11507324
7 11507324
8 11507324
1 12046867
1 12057430
2 12046386
5 12046867
6 12046386
1 12076675
1 12089303
1 12107081
3 12099771
6 12093957
1 12899505
2 12882785
2 12886122
2 12899127
4 12902719
5 12885966
5 12898302
5 12902629
6 12892561
7 12888333
1 13042517
6 13032540
7 13032549
7 13044818
8 13032540
8 13032549
1 13113157
1 13115378
3 13129506
3 13129657
6 13126137
7 13122501
8 13120494
1 13565378
3 13548389
6 13565378
7 13572603
1 13589617
1 13591013
1 13592066
1 13596111
2 13586636
2 13601266
4 13584902
4 13590370
4 13592116
7 13599573
1 809172
1 820359
2 814653
2 815738
3 817600
4 816688
6 827083
7 818696
1 1188285
3 1185034
3 1186837
3 1188374
3 1196446
4 1188659
5 1179462
7 1182497
7 1188850
1 1397612
2 1390134
2 1396597
3 1407882
5 1388762
1 1477229
2 1467314
2 1477318
3 1477318
5 1477318
7 1480548
1 1529393
2 1529352
4 1541953
5 1529819
5 1539373
6 1528960
6 1529393
7 1541953
8 1529393
1 1593036
3 1582763
4 1583960
5 1579959
5 1583357
5 1587271
5 1593269
7 1583865
7 1593006
8 1582627
1 1604044
1 1614955
2 1604106
4 1598846
4 1598924
5 1604267
7 1599352
8 1608220
1 1645508
1 1645740
1 1647369
1 1654163
1 1656885
2 1646146
3 1656809
4 1654163
5 1645740
6 1645508
7 1640902
7 1654163
8 1645508
8 1645923
8 1654163
1 2343511
2 2333319
4 2346587
5 2331417
5 2348053
6 2332739
7 2332739
1 2701345
1 2727199
2 2720256
3 2692532
3 2696269
4 2709411
6 2696564
6 2696676
7 2692598
7 2701345
7 2709473
1 2940183
1 2953940
4 2953285
5 2940562
6 2940183
8 2940183
1 3218820
2 3218981
2 3235259
4 3221861
7 3229432
7 3238301
7 3248379
8 3243136
1 3304145
5 3293980
6 3297374
8 3294003
1 3319292
3 3313380
3 3313626
4 3316533
4 3318168
8 3322670
1 3671044
2 3675707
2 3683148
3 3670629
3 3670979
3 3683734
6 3671044
1 4107970
2 4092560
5 4095185
7 4099305
8 4105275
1 4167188
4 4145923
4 4166991
5 4180649
7 4145651
7 4167005
8 4167032
8 4167192
1 4480794
3 4472013
6 4480794
8 4480794
1 4771064
6 4770065
7 4770071
7 4770367
1 4950290
2 4949039
3 4949767
3 4962288
8 4949039
1 5572373
2 5579776
3 5571124
5 5571118
6 5580231
1 6081640
6 6081640
7 6081640
8 6090644
1 7380562
2 7380674
2 7381491
3 7381576
4 7380977
6 7381509
1 7920729
3 7920727
6 7920729
7 7920758
1 8073885
5 8073058
6 8072664
6 8073885
8 8047784
8 8072664
8 8072967
1 8467530
1 8469731
2 8468240
2 8469611
5 8469554
6 8470972
7 8467531
8 8467497
8 8470508
1 8574257
1 8580779
2 8574507
2 8575958
2 8580807
2 8581627
3 8574636
3 8575049
3 8575958
4 8574978
5 8575049
5 8579188
5 8580910
6 8573007
6 8575017
6 8577494
6 8578718
6 8579330
6 8581124
7 8573146
7 8574978
7 8576979
7 8579428
7 8579836
1 9653142
3 9659281
4 9660890
5 9660890
1 10262338
3 10262979
3 10264169
3 10264737
4 10262316
4 10263158
4 10264562
5 10263477
5 10264318
5 10264737
5 10264840
5 10265150
7 10261970
7 10264737
1 11194881
1 11197735
1 11201568
4 11191505
5 11197114
7 11191505
8 11197735
1 11609237
2 11609340
2 11610615
4 11612125
5 11610615
5 11611715
6 11609073
1 12731055
1 12732831
2 12732123
3 12731060
3 12733202
3 12733409
5 12732797
7 12731834
1 13845853
1 13845920
1 13846657
2 13846608
2 13846896
2 13846951
3 13845925
3 13846601
4 13846308
6 13846308
7 13846021
8 13845920
1 13966451
1 13966555
1 13970725
3 13966745
3 13966789
3 13996916
4 13969446
5 13966312
6 13971654
7 13965924
1 14211931
1 14218216
2 14217827
3 14191532
4 14225113
5 14191432
5 14218045
7 14191532
8 14218109
1 14252484
2 14313678
4 14251640
6 14252739
6 14283230
8 14283230
1 14477045
4 14476374
5 14477045
5 14481057
6 14461082
6 14477509
7 14460330
8 14461082
8 14477691
1 16469154
1 16512415
3 16480839
4 16469154
7 16497476
7 16506655
8 16512047
1 16747362
2 16750602
2 16753159
4 16746290
4 16759582
5 16746780
7 16752532
8 16746295
1 16852895
2 16854351
4 16848944
4 16852525
4 16854226
4 16861795
5 16849595
6 16852525
7 16852525
8 16854351
1 16935085
4 16935085
4 16940863
7 16935085
8 16943595
1 16958534
2 16958858
3 16964728
6 16961481
7 16961481
7 16964894
1 17076312
2 17065692
3 17066706
5 17076312
1 17138707
3 17143030
4 17135313
4 17139038
6 17138707
1 265543
2 261805
3 261633
3 263472
4 262589
5 263509
8 262206
1 1238673
3 1236747
3 1253115
5 1257021
6 1229245
7 1229245
8 1254973
1 1707330
3 1703713
5 1712498
5 1723588
6 1713190
8 1712382
1 4143981
3 4140467
7 4143981
8 4140465
8 4143981
1 4394712
2 4376647
2 4394573
4 4407689
8 4394712
8 4394750
8 4397678
1 4747496
2 4738453
3 4738467
4 4741638
6 4747496
1 4774361
1 4782419
2 4782416
8 4789332
1 5010554
2 5006549
2 5010110
2 5010443
3 5004819
6 5005166
6 5005577
7 5006247
8 5006573
1 5075085
1 5076303
3 5115515
3 5117304
5 5113857
6 5116924
7 5076303
1 7921371
1 7924618
2 7914103
2 7924618
3 7918797
4 7917499
4 7921371
5 7924618
7 7913488
7 7921826
7 7924618
1 8314967
4 8314166
5 8313262
8 8316042
1 10378493
2 10377880
3 10378493
5 10378571
7 10378493
1 11386109
2 11375617
6 11375617
7 11385809
8 11375617
1 14047460
4 14047460
5 14047253
6 14046620
6 14046820
6 14047579
8 14047460
1 15586269
2 15582826
3 15579075
3 15579441
3 15579489
3 15582729
3 15582935
5 15579791
7 15582569
8 15582729
1 15945940
4 15945940
5 15945904
6 15945608
6 15945991
8 15945991
1 17310803
1 17313434
6 17310803
7 17310522
8 17310522
8 17310803
1 18962416
1 18968785
1 18970308
2 18980280
3 18973325
3 18973527
4 18979995
6 18968785
7 18980462
8 18968785
1 19336119
1 19360942
2 19343109
2 19346481
3 19337880
3 19355996
3 19364799
5 19342987
5 19346316
6 19337998
8 19360941
8 19362253
1 19648289
4 19649988
5 19648297
6 19648228
1 20425081
2 20425317
2 20426655
4 20424701
5 20429314
6 20424709
7 20426655
8 20432263
8 20433043
1 20694475
1 20697449
6 20697449
8 20685754
8 20697523
8 20697566
1 8529
2 31468
3 19254
3 27111
5 10618
6 27293
6 28108
6 28270
7 27515
8 19254
1 45749
1 45831
1 46083
4 44855
7 45513
1 161676
3 150664
4 156710
7 151692
7 159191
8 156710
1 253234
2 252498
5 249992
6 255861
7 256183
8 249388
8 253101
8 256067
1 293397
2 286891
2 292208
3 284579
3 292208
6 293397
7 293397
1 1227234
1 1233797
6 1226078
6 1242969
1 1377317
2 1375198
3 1375153
4 1376261
5 1376258
7 1376403
7 1379408
8 1375286
1 1759508
3 1756749
4 1757386
4 1761211
6 1761848
1 2426537
2 2462435
2 2463044
2 2464624
2 2465321
3 2464841
5 2428259
1 2633251
3 2631657
3 2652784
5 2633251
7 2630450
1 2870431
3 2870431
4 2870431
6 2870431
7 2870431
8 2870431
8 2874911
1 3760441
2 3760441
4 3771284
8 3760455
1 4067313
7 4060289
7 4067322
8 4067322
1 4241798
2 4204402
3 4241328
4 4237439
5 4219325
6 4219325
7 4204888
7 4237477
8 4219325
1 5708244
2 5708294
6 5708282
8 5708282
1 7042861
4 7039335
5 7039335
7 7032906
1 7068545
2 7068545
3 7070208
7 7070586
1 10638382
2 10620890
2 10638382
3 10638382
4 10638382
5 10638382
6 10638382
7 10638382
1 10829924
3 10854874
3 10855036
7 10829924
1 11789455
1 11789614
2 11795791
5 11796101
6 11787763
6 11790261
6 11796144
1 11831339
6 11831391
7 11831339
8 11831339
1 14446351
2 14443748
3 14437676
5 14443748
8 14443937
1 14877415
1 14877598
2 14877415
3 14877415
4 14877343
4 14877415
4 14879287
1 14937684
2 14956468
5 14956468
8 14956468
1 15326500
5 15319968
5 15321004
6 15320479
7 15318654
8 15319917
8 15326458
1 15656299
3 15652823
5 15652782
8 15663881
1 15809674
3 15811097
5 15807112
5 15809679
6 15788139
7 15782567
7 15808159
8 15788765
1 15973446
2 15973446
4 15973446
5 15973446
5 15973935
7 15973446
8 15973446
1 17443205
2 17443141
3 17445975
8 17443455
8 17445380
8 17445643
8 17446595
2 282264
3 281543
3 281812
3 282264
2 674892
3 673727
3 675072
4 670199
5 670885
6 667188
7 673845
8 670312
8 670981
2 1056826
3 1055261
3 1058232
3 1059778
5 1053066
6 1061918
2 1142742
2 1154944
3 1139711
3 1146636
3 1149727
3 1154618
4 1141779
6 1134348
7 1149726
8 1138937
2 1318944
3 1282557
3 1297063
3 1328934
4 1282557
4 1318332
4 1334840
5 1339594
8 1318252
2 1658676
2 1661766
3 1661997
3 1665284
4 1661886
6 1658669
6 1664713
7 1658378
2 1828473
3 1830035
5 1826228
7 1829000
8 1826228
2 2130176
4 2120563
5 2127659
7 2121917
8 2121917
2 2221286
4 2229808
4 2233620
5 2220166
6 2229136
2 2478023
3 2472942
3 2481029
4 2478023
4 2480722
2 2513296
2 2515676
3 2517411
5 2509118
2 2724538
4 2722216
5 2724538
6 2724591
2 2773765
4 2767908
5 2736920
5 2774570
2 2926078
2 2932612
2 2935061
3 2933276
5 2933236
6 2932375
2 3040579
2 3043250
3 3053107
5 3039136
5 3041605
6 3051810
2 3197095
3 3173956
3 3189304
3 3202395
4 3173956
4 3185222
5 3202395
6 3174683
8 3195368
2 3232618
3 3232722
3 3241544
7 3238118
2 4185954
2 4197738
3 4184638
7 4184639
2 9383134
2 9385356
3 9400118
4 9383130
5 9383134
2 11194132
4 11193999
5 11190636
6 11193796
6 11193999
7 11191940
2 11481229
3 11480946
5 11480382
5 11480671
7 11477963
8 11480942
2 11515697
4 11516431
6 11516431
7 11516431
2 11868601
4 11873830
4 11875324
6 11875324
7 11868411
7 11875324
8 11875324
2 12190745
2 12192315
3 12191530
3 12196004
5 12196380
2 13497560
3 13497221
3 13497995
3 13498081
2 14302771
2 14313730
2 14341306
3 14325868
5 14333834
8 14307572
2 14439396
4 14439396
4 14439478
5 14439398
7 14439478
2 633599
5 635707
6 632985
7 632625
2 1232885
3 1250666
3 1253196
5 1233362
2 2345524
3 2347818
3 2347932
3 2349315
4 2348458
5 2349315
6 2349094
7 2349315
8 2349094
2 2516529
3 2517061
4 2517061
7 2517061
8 2520606
2 3228849
2 3235230
3 3224587
4 3228849
6 3235751
7 3233096
7 3234421
7 3235751
2 4894832
4 4894832
6 4894832
7 4894832
8 4894832
2 8285925
2 8291087
4 8291932
5 8288932
6 8290984
7 8288930
8 8287813
2 9790103
2 9790160
4 9789595
8 9790551
2 9821826
4 9808278
4 9812221
4 9817100
5 9814396
6 9809374
7 9820337
8 9810027
2 12739840
4 12739859
5 12740083
5 12741783
7 12741783
2 12823084
4 12822291
5 12824509
8 12818515
2 12860477
4 12860477
5 12860477
6 12861020
2 13119289
3 13119289
4 13128544
5 13124717
2 13294581
2 13305786
2 13307489
3 13291029
3 13306725
7 13306223
7 13308910
2 13359407
3 13344244
3 13359407
4 13355462
2 13488806
2 13490544
2 13493637
5 13489265
5 13489341
8 13493706
2 248698
3 286362
3 289948
4 289948
5 234167
5 251598
6 273447
6 289948
7 246896
8 260354
8 289948
2 493059
3 492627
5 494109
7 492982
8 493442
8 503774
2 1096177
3 1087634
3 1087677
3 1112310
4 1096177
5 1108405
6 1096177
7 1099648
8 1096177
2 1301120
3 1300606
3 1302067
4 1300606
5 1300148
5 1300611
6 1300606
8 1302058
8 1303117
2 1375287
3 1375696
5 1375588
5 1375874
7 1375740
2 1654478
2 1659897
2 1700514
3 1689545
3 1691411
3 1702308
4 1700614
4 1701487
6 1701091
6 1701276
7 1676542
7 1690974
7 1691054
8 1668284
8 1681821
2 1784822
2 1807379
5 1781303
7 1804813
2 1818042
2 1820560
5 1808509
5 1810768
2 2128387
3 2149485
7 2144361
7 2150724
8 2128387
2 2856932
2 2865395
3 2882663
5 2859541
6 2868153
2 5324558
3 5324243
6 5324415
6 5324558
7 5324281
8 5324415
2 6064380
2 6064934
4 6064934
5 6063842
8 6065162
2 6976400
2 6983764
3 6984254
4 6984812
7 6990360
8 6983454
8 6983804
2 8456839
4 8472516
5 8470060
8 8463894
2 11127077
3 11125668
4 11134120
5 11134226
7 11127077
7 11134120
8 11125697
2 12115043
3 12130010
3 12145554
4 12126435
5 12122172
7 12148442
2 12272729
3 12254572
3 12258376
3 12265393
4 12264584
6 12265338
7 12264546
7 12268765
8 12265384
2 12274573
4 12282306
6 12281669
7 12274876
8 12280105
8 12281020
2 12959379
2 12964176
2 12970125
3 12974722
4 12959379
5 12959379
6 12970125
2 228027
3 222146
3 228173
4 228027
5 231089
6 221603
6 223214
6 228027
6 230539
7 223214
7 228027
8 227851
8 228027
2 335853
4 335968
6 335846
7 338492
2 1443696
3 1438970
3 1442706
4 1433627
4 1440604
2 2117814
4 2124781
6 2122707
6 2124781
2 3149640
4 3150946
5 3149038
7 3149766
2 3328532
2 3331649
4 3332586
7 3327939
2 3407665
2 3407750
3 3404749
3 3411390
2 4727765
4 4729846
5 4729865
5 4731905
6 4721557
6 4725705
7 4730695
8 4727005
2 5454432
4 5454432
4 5462111
6 5454777
7 5454752
8 5455061
2 12024337
4 12021852
4 12023871
5 12022795
2 12839763
3 12860857
5 12856206
5 12860860
2 15494163
3 15489322
4 15503027
5 15494163
6 15499151
2 16384730
2 16404867
3 16408879
4 16384885
4 16407634
4 16408503
6 16410626
7 16405748
2 16893655
4 16883477
5 16883568
6 16866704
6 16883023
7 16881994
8 16881411
2 98267
5 64811
5 102396
8 82950
2 1554809
2 1560355
2 1577689
5 1558646
5 1563792
7 1573934
8 1578380
2 2805137
4 2807400
6 2805015
7 2804814
2 2967626
3 2967504
3 2969275
4 2967626
5 2956064
5 2967626
6 2960112
2 3552110
5 3552471
6 3552254
6 3552399
2 4022185
2 4029392
3 4026894
5 4031002
6 4028133
7 4030371
2 5638004
3 5638118
4 5638000
8 5638000
8 5641528
2 6910562
2 6943213
3 6911501
4 6938472
5 6938894
5 6940728
5 6943222
5 6943299
6 6940118
7 6938464
7 6942006
2 7719382
2 7720010
5 7720380
5 7720436
8 7720101
2 15558332
4 15548971
4 15557707
4 15558425
2 16960878
2 16962232
3 16963768
5 16959740
5 16960428
2 18380757
2 18388548
3 18384955
7 18388226
2 18833416
3 18833416
4 18833416
5 18833416
6 18833416
7 18833416
8 18833416
2 18991621
3 18996698
4 18991635
4 18999164
5 18991621
7 18991660
8 18991903
2 19475175
4 19475175
5 19465473
6 19465468
2 351865
4 350846
8 336063
8 336707
8 340650
2 1967569
3 1967569
6 1967569
7 1967569
8 1966770
8 1967569
2 2967981
2 2980093
3 2953710
3 2992852
5 2980191
8 2990260
2 3073011
2 3076269
7 3076269
8 3076269
2 8575658
4 8564927
4 8575621
4 8575658
6 8564927
2 11297325
4 11292223
4 11297325
7 11291703
2 11889637
4 11901829
5 11887475
5 11890765
8 11888550
2 12519219
3 12521827
4 12519219
6 12519219
2 13797027
6 13796068
6 13797345
7 13797345
8 13816902
2 15901216
5 15904854
7 15891837
7 15904381
2 16097734
2 16101438
3 16091552
3 16110245
3 16110997
4 16091552
4 16101411
5 16091552
6 16091552
6 16101181
7 16091552
7 16101411
8 16093814
8 16101438
2 16934405
3 16933001
6 16937159
8 16932990
2 17262939
5 17262230
6 17262673
6 17262948
3 1267062
3 1267129
4 1274564
6 1276905
3 2384263
4 2386295
4 2394816
5 2382033
5 2388892
5 2392019
7 2382033
3 3010020
5 3006938
5 3010020
8 3009587
3 10717783
6 10717544
7 10716043
7 10718096
3 11056344
3 11066290
6 11056659
7 11061172
3 11660323
4 11659855
5 11660269
7 11655733
3 11728031
3 11740055
7 11729793
7 11730890
3 11972778
6 11970545
7 11975339
8 11975775
8 11975902
3 14678372
3 14693428
4 14679251
6 14686963
3 470898
3 474885
8 459796
8 465730
8 472814
3 1071166
6 1067388
7 1067388
8 1066171
3 2037020
4 2048652
5 2038340
6 2036961
3 2229826
3 2231472
7 2225272
8 2219405
3 4467556
3 4474428
3 4475212
4 4476836
5 4476269
7 4474428
7 4475212
8 4476269
3 4928214
3 4929288
4 4929480
8 4929288
3 5349271
3 5350316
4 5350162
7 5349276
3 9150852
4 9125699
6 9125699
7 9125784
3 12218225
4 12218158
6 12218047
7 12218158
3 13095015
5 13092177
6 13092164
6 13094948
3 13926038
7 13929683
8 13910575
8 13926068
8 13926744
3 14447394
5 14445580
5 14447305
8 14445580
3 467467
4 468695
7 461613
8 462948
3 1252342
4 1252514
6 1253094
8 1253094
3 1374174
4 1365486
5 1367910
7 1364332
7 1374084
3 2705960
3 2706090
4 2703376
6 2703376
7 2702852
3 2752976
3 2754590
3 2762748
5 2765709
6 2761393
7 2736803
3 3374047
3 3385358
3 3386127
8 3384908
3 3666553
5 3669036
7 3656194
7 3693097
3 6662524
5 6647769
5 6662541
8 6660535
8 6661232
3 8361710
4 8361710
5 8361710
6 8361710
7 8361710
3 9744418
4 9744418
5 9744418
6 9744418
7 9744418
3 10296412
5 10289002
7 10282658
8 10289002
3 10509766
5 10507411
5 10529311
6 10514381
7 10509766
3 11445671
4 11431257
6 11429358
7 11430685
7 11431933
7 11445426
8 11433201
3 12174383
3 12179986
6 12182205
8 12180303
8 12180501
3 13010480
3 13011282
3 13012848
4 13015113
6 13012850
7 13011440
3 17189
4 16903
7 16980
8 17057
3 1620503
3 1624586
5 1631369
7 1628611
3 2907622
3 2917781
4 2912209
4 2918158
6 2902969
6 2911353
8 2917262
3 3390301
5 3390587
7 3389025
8 3388926
3 3817919
5 3814258
7 3807710
7 3816676
3 4200966
4 4206269
5 4206269
5 4211200
3 4900633
7 4897752
8 4897767
8 4898211
3 6319911
3 6320657
7 6317646
7 6320418
8 6318712
3 7423755
5 7441302
7 7441821
8 7441242
3 12246104
3 12248397
4 12248397
8 12250042
3 12987572
3 13002643
4 12984834
6 12984834
3 13402574
4 13403681
5 13402372
7 13403681
3 14740695
3 14751481
5 14740811
6 14740801
8 14747551
3 15581151
3 15591427
3 15593872
6 15590721
3 16680014
4 16666592
6 16679999
8 16675689
8 16676055
3 1141041
4 1145994
4 1153393
6 1137942
8 1138835
8 1145994
8 1153969
3 1172788
3 1178332
3 1179237
5 1181900
8 1179069
8 1179237
3 1994863
3 1995455
3 2002187
5 1994863
3 2635385
3 2646804
6 2635385
6 2636355
7 2635385
7 2637098
8 2635385
3 2823166
5 2823092
7 2823092
8 2823092
3 3521602
4 3520407
4 3528396
5 3520992
7 3520385
7 3528396
8 3520407
3 5994737
4 5994737
5 5992090
6 5994737
7 5994737
3 9010372
4 9010372
6 9010372
7 9000791
3 15602771
3 15602792
3 15608005
4 15597906
4 15609406
6 15609321
7 15609321
3 17270224
3 17276418
3 17278232
7 17271024
3 17534386
3 17535297
4 17534386
5 17534386
7 17534386
8 17534386
3 17897668
4 17884243
4 17890300
7 17885639
3 19157967
3 19169244
4 19172193
5 19173094
6 19166773
6 19174283
7 19166773
8 19161737
3 19758310
3 19765898
4 19758116
6 19762255
7 19764745
3 19845797
4 19845797
7 19845797
8 19845797
3 20311377
4 20295438
6 20295189
8 20292871
3 20805575
4 20805575
7 20805575
8 20805575
3 466162
4 465984
5 463647
6 474705
3 608677
4 612970
5 608677
6 608677
8 615125
3 1435377
4 1433592
5 1430816
6 1430777
7 1429631
7 1433849
8 1435377
3 1668470
3 1673909
3 1681329
5 1670296
3 1725768
5 1725218
6 1725039
6 1725662
7 1724089
8 1740516
3 6734686
3 6734743
3 6739496
4 6739496
7 6733288
3 8823755
5 8823754
5 8831547
8 8826038
3 10300227
4 10298687
6 10300234
7 10289988
8 10289583
3 14387726
4 14384798
6 14389206
7 14386574
3 17084724
3 17085524
4 17084724
7 17084259
3 17307474
3 17309544
3 17333793
5 17315142
6 17310775
6 17311321
7 17310979
7 17319608
4 959762
4 962012
4 962420
4 979922
6 952422
6 962027
6 984730
6 985216
8 959762
8 962420
4 1042524
4 1048214
5 1037219
5 1044219
7 1037305
8 1050266
4 1486411
5 1474357
7 1453617
7 1471697
4 11764539
4 11789928
4 11795706
5 11795618
6 11795618
8 11795618
8 11800859
4 2906408
6 2911565
8 2900874
8 2906408
4 916239
4 936592
5 922785
5 931753
6 936592
7 935436
4 7678715
5 7674072
6 7668768
7 7673309
4 12937237
5 12943242
5 12944353
6 12951194
8 12951194
4 691696
4 693508
5 691733
5 692662
7 691696
8 691696
4 785690
4 785724
4 785776
6 785480
4 16094790
4 16095468
7 16129472
8 16095886
8 16128468
4 4579218
4 4603503
6 4603293
8 4587925
4 6712440
4 6715655
7 6713226
8 6712621
4 8696897
5 8694381
5 8699538
6 8692102
6 8693863
6 8696922
8 8696961
4 13863583
4 13885852
6 13886457
8 13882289
4 18778094
5 18778094
5 18778636
7 18783441
8 18776747
4 1717456
5 1719194
6 1717865
8 1717456
4 9188204
6 9205414
8 9205413
8 9207885
4 15227666
5 15228767
6 15227429
7 15227439
4 17378484
5 17387850
6 17378484
7 17378484
5 13226335
7 13222053
7 13224996
7 13225510
8 13224605
5 13561119
6 13561305
7 13562546
8 13562419
5 171202
6 171202
7 171321
8 171202
5 13973094
5 13974297
7 13959724
7 13968177
8 13953057
8 13955579
5 2113237
5 2113315
5 2114712
6 2113469
5 12457722
5 12476648
5 12478812
6 12471309
7 12457716
7 12476845
7 12480649
7 12484913
8 12460785
8 12476650
8 12480686
5 13231780
5 13241986
6 13243394
6 13245108
8 13242224
5 12317065
5 12324031
6 12321964
7 12321325
8 12321964
5 15059276
5 15059460
5 15060542
7 15059360
7 15060178
8 15059267
8 15059359
5 15861742
6 15862851
7 15862851
7 15862884
8 15861745
8 15862851
5 16909917
6 16902148
7 16910295
8 16910751
5 20022204
5 20025513
8 20020146
8 20026712
6 11141071
7 11140996
8 11133927
8 11140989
6 4823441
6 4823562
7 4822856
7 4823300
8 4823562
6 19200118
8 19197763
8 19199534
8 19200543
6 10110694
6 10144526
7 10125821
8 10125840
7 1681080
7 1681168
8 1681168
8 1696106
